137,1
137,3
14,7
0,513
134,4
134,1
134,3
135,4
135,1
135,3
14,5
129,1
129,3
127,1
127,3
14,4
0,273
0,270
3,2
10,272
10,282
10,158
10,118
10,112
10,76
10,134
10,228
11,20
11,4
11,24
11,14
11,18
11,6
9,6
9,4
8,18
8,5
8,13
8,17
8,14
12,2
12,1
12,3
19,2
19,1
19,3
18,1
18,3
14,1
14,6
14,3
13,1
13,3
2,2
2,1
2,3
151,8
151,7
151,6
151,5
151,4
151,3
151,2
151,1
151,0
150,5
150,4
150,3
150,2
150,1
150,0
149,5
149,4
149,3
149,2
149,1
149,0
148,21
148,20
148,19
148,18
148,17
148,16
148,15
148,14
148,13
148,12
148,11
148,10
148,9
148,8
148,7
148,6
148,5
148,4
148,3
148,2
148,1
148,0
147,4
147,3
147,2
147,1
147,0
146,4
146,3
146,2
146,1
146,0
145,4
145,3
145,2
145,1
145,0
144,7
144,6
144,5
144,4
144,3
144,2
144,1
144,0
143,4
143,3
143,2
143,1
